$ 1 0.000005 10.20027730826997 50 5 50 5e-11
a 624 336 752 336 8 15 -15 1000000 -0.00003124140687475863 0 100000
r 560 320 480 320 0 240000
g 624 352 624 400 0 0
r 480 256 560 256 0 100000
w 560 256 560 320 0
174 384 384 432 432 1 50000 0.9950000000000001 Resistance
R 384 448 384 512 0 0 40 -12 0 0 0.5
R 272 208 208 208 0 1 40 2.5 2.5 0 0.5
r 624 208 752 208 0 68000
w 624 272 624 320 0
w 752 272 752 336 0
w 560 320 624 320 0
368 752 208 816 208 0 0
403 832 240 960 304 0 12_64_0_4354_10_0.1_-1_2_12_3
w 432 416 480 416 0
w 480 416 480 320 0
g 384 384 384 336 0 0
d 624 272 752 272 2 1N5711
d 752 272 752 208 2 1N5711
w 624 208 624 272 0
174 320 208 352 288 1 100000 0.005 Resistance
g 320 304 320 320 0 0
s 320 208 272 208 0 0 false
w 352 256 480 256 0
o 7 64 0 4354 10 0.1 0 2 7 3
