$ 1 0.000005 10.20027730826997 50 5 50 5e-11
R 32 416 -16 416 0 1 10000 5 0 0 0.5
r 64 496 128 496 0 100000
r 128 496 128 544 0 470
c 128 544 128 608 0 4.7e-10 2.6844033834332603 0.001
g 128 608 128 640 0 0
368 128 496 208 496 0 0
403 160 400 288 464 0 5_64_0_4354_5_0.1_-1_2_5_3
a 448 496 544 496 8 10 -10 1000000 0 0 100000
r 448 432 544 432 0 30000
c 448 384 544 384 0 1e-10 0 0.001
w 448 384 448 432 0
w 448 432 448 480 0
w 544 384 544 432 0
w 544 432 544 496 0
g 448 512 448 544 0 0
368 544 496 576 496 0 0
403 592 544 720 608 0 15_64_0_4354_0.0000762939453125_0.1_-1_2_15_3
368 128 720 208 720 0 0
g 128 832 128 864 0 0
c 128 768 128 832 0 5.6e-10 -1.9069266685878892 0.001
r 128 720 128 768 0 500
r 64 720 128 720 0 30000
R 64 720 16 720 0 1 15000 5 0 0 0.5
403 240 768 368 832 0 17_64_0_4354_5_0.1_-1_2_17_3
170 64 496 -16 496 2 20 20000 5 0.1
