$ 1 0.000005 10.20027730826997 50 5 50 5e-11
a 256 288 336 288 8 10 -10 1000000 0.0000037165784578343535 0 100000
g 256 304 256 320 0 0
r 256 224 336 224 0 68000
c 256 176 336 176 0 1e-10 0.3716615623618932 0.001
w 256 176 256 224 0
w 256 224 256 272 0
w 336 176 336 224 0
w 336 224 336 288 0
r 176 272 224 272 0 100000
w 224 272 256 272 0
w 224 304 224 272 0
w 224 304 224 368 0
174 160 368 112 368 1 50000 0.5891000000000001 Offset
w 128 384 128 400 0
w 128 400 96 400 0
w 96 400 96 368 0
R 96 400 96 432 0 0 40 -12 0 0 0.5
w 176 368 160 368 0
S 176 272 112 272 0 1 false 0 2
R 112 256 16 256 0 2 40 2.5 2.5 0 0.5
R 112 320 16 320 0 1 40 5 0 0 0.5
w 112 288 112 320 0
368 336 288 416 288 0 0
403 320 336 448 400 0 22_64_0_12546_3.0282764552036854_0.0001_-1_2_22_3
403 -16 160 112 224 0 19_64_0_4354_5_0.1_-1_2_19_3
403 -64 352 64 416 0 20_64_0_4354_5_0.1_-1_2_20_3
r 176 368 224 368 0 240000
o 19 64 0 4354 20 0.1 0 2 22 0
